3428 22
1269 204
460 370
1377 267
3987 343
3025 5
5033 243
572 54
3882 486
4516 244
1425 157
2560 483
836 381
5660 28
4673 369
174 58
314 49
5693 227
4979 149
5764 136
1879 360
2874 399
2979 422
4454 455
3551 215
456 212
2707 46
3536 167
161 58
355 126
2632 215
262 155
358 297
5735 95
5514 176
3464 476
3570 309
5462 341
6014 73
5697 1
1889 209
1404 215
2161 244
3063 82
649 168
2934 168
798 298
5796 411
5560 285
3217 306
1401 297
330 142
3621 4
3733 80
4663 379
5123 472
5153 404
4630 391
4935 297
5447 208
2796 198
4825 359
4959 217
1360 149
2245 243
4563 69
831 199
1110 182
3299 70
4156 96
1197 399
2280 412
443 80
650 179
5253 425
878 149
5760 404
1285 109
3141 255
4052 21
1593 15
1265 406
3544 348
252 90
5579 481
3652 287
2137 462
363 63
6023 243
3524 124
3085 23
717 235
4863 208
2525 96
1858 22
4645 204
5880 252
1881 292
4190 290
2853 177
329 175
277 265
2670 307
4575 368
1137 414
4840 485
3280 229
2785 325
69 8
1872 121
2476 381
334 257
3987 164
869 279
489 327
5618 353
4561 2
274 58
5722 401
3772 381
2466 96
5822 97
4144 314
4533 18
6026 404
5039 100
1944 229
4736 127
796 308
1575 457
5676 161
3949 394
2917 275
4045 48
702 322
692 134
6072 350
334 317
1848 386
3132 38
5408 412
5319 460
4808 142
1549 106
1094 456
4440 371
4210 208
3226 318
5821 276
3884 348
5362 193
5071 15
1096 109
5248 411
4317 11
5828 442
4524 414
945 11
5370 431
4935 379
348 306
728 314
5181 411
4739 352
5911 164
5638 229
5659 209
306 121
5578 397
412 105
4094 376
280 177
5340 263
4412 140
2447 41
400 308
162 121
4375 473
2886 330
5979 432
4211 211
1089 411
4851 317
1296 476
432 236
1935 252
5823 245
731 319
3918 292
5310 178
379 343
2594 424
596 171
3028 258
1346 209
2364 451
5488 76
2751 151
3370 458
3426 445
1422 245
802 297
298 63
5320 255
1239 406
5367 136
3878 407
1965 400
460 350
2469 84
5246 85
4169 407
3334 209
1986 123
4675 217
2627 288
2657 94
3792 360
403 140
4927 298
162 8
427 382
462 125
5753 322
4715 335
2381 233
2049 426
899 232
5767 455
841 317
4868 181
4991 80
1259 171
1387 234
2665 179
2000 401
2865 431
3987 104
1941 312
2353 60
460 414
868 210
4976 245
3904 3
4102 164
5743 122
3216 277
3333 337
2052 482
147 100
314 80
1671 483
4578 11
453 381
2596 149
2936 229
4445 472
5306 177
414 384
2234 459
404 28
535 97
2167 399
2279 231
3245 343
3839 481
293 222
968 293
477 180
5195 455
194 80
2434 263
1128 6
5214 201
3385 164
2323 467
2968 234
161 126
557 485
4112 407
3961 472
3630 208
3046 98
5462 20
726 478
1023 455
479 399
5938 390
507 60
4673 175
4304 155
441 434
390 217
1424 117
3262 472
441 296
255 170
2440 484
5965 86
1841 239
1864 26
3446 53
3115 381
4024 140
1992 286
5862 254
5955 184
431 209
4416 371
479 386
4521 208
1560 366
277 31
411 349
1620 318
1888 489
4902 451
2425 431
3512 37
542 402
2045 443
1582 82
2109 177
808 436
2274 29
4227 468
2806 429
479 97
485 298
4677 380
184 103
6095 220
672 413
2792 41
4847 445
329 17
1774 391
2645 160
1524 121
3059 288
2563 406
779 281
5999 158
6044 298
4504 252
2159 38
291 177
2712 179
2636 60
4986 62
2653 346
5831 351
1153 338
5584 354
302 149
3439 356
1808 176
1068 71
1734 227
5053 411
5569 231
978 421
3899 427
2054 140
6050 8
4654 379
5682 267
2619 13
5579 413
2095 92
883 90
2532 70
3697 464
2530 431
3046 282
6035 376
5093 274
1983 263
3770 407
3709 381
1133 164
468 164
3487 461
2763 155
1375 223
1872 124
3152 369
5390 168
5404 74
4783 149
1082 20
2045 139
588 233
6015 460
4773 80
5503 6
5527 483
1088 124
2290 407
5775 116
223 161
3754 261
3777 212
5934 173
4628 288
4265 249
5421 102
6038 82
1963 488
4322 488
4059 19
2509 470
5923 388
249 174
480 51
2813 149
3814 483
3562 84
3862 96
1397 257
5411 386
1563 51
432 1
5577 69
4358 40
729 104
5802 394
4670 8
392 17
775 288
5779 8
5266 257
2662 231
2869 443
5295 239
2336 414
4588 160
2991 269
1818 38
2956 231
5930 265
2887 331
5877 162
1245 168
6085 173
5132 145
2801 51
4398 456
2112 231
1603 472
5556 250
206 105
350 255
3890 411
438 330
5028 387
1218 51
3014 373
2514 418
520 140
3165 124
4239 267
2826 207
1924 126
3042 27
463 107
839 263
451 298
3031 457
5113 400
3382 476
1439 155
706 155
1206 84
1115 1
3745 155
246 121
3121 96
674 270
4318 274
4868 348
5680 406
448 233
363 360
4467 106
4550 179
932 167
4083 431
1747 307
1063 202
1075 293
284 4
1383 397
4043 290
4251 451
1632 305
5436 404
4000 224
4887 93
4498 371
3032 462
2623 79
343 286
4836 5
3011 385
5988 173
3598 457
2040 492
3685 84
1984 234
3184 144
2942 15
5921 132
3292 237
2547 99
1468 90
359 317
365 95
198 46
4788 312
518 472
1952 316
1850 327
173 87
1460 367
1928 451
742 95
1573 343
6019 404
3982 483
2920 6
5809 421
4277 267
2114 163
5353 476
4171 381
1743 298
5676 325
3811 293
4412 470
5962 265
5301 460
828 322
4481 348
2907 467
1406 206
1997 443
5803 162
3912 52
894 366
598 209
1037 316
2709 63
736 481
4278 315
5208 404
1591 242
6068 105
2271 74
5810 342
1987 334
342 234
4868 281
280 46
1294 171
1035 87
4177 308
2821 168
4371 356
639 234
4023 317
364 282
2324 431
4982 126
339 180
2332 239
4972 397
4711 210
6010 346
5828 98
5278 329
2632 274
325 155
1308 257
2259 70
428 420
5355 475
314 269
1784 291
2125 267
2222 73
692 255
4634 311
4902 483
5162 348
1696 155
2523 121
4889 70
184 96
3624 123
5683 428
2504 294
4681 253
4379 484
5176 186
3460 179
816 91
427 176
5919 485
4339 302
430 153
703 407
4621 11
3541 400
4343 156
3758 199
1979 377
4474 485
1981 267
3154 454
3257 51
3312 52
3238 408
5750 428
2545 6
2905 381
354 140
4143 257
6075 462
4087 85
1917 358
4780 78
2646 307
1453 204
5791 279
1636 297
3592 311
3703 293
6049 324
5603 297
1469 357
1560 451
1852 164
2370 139
3104 34
1215 126
4468 200
261 155
4928 483
5951 225
422 331
5512 404
5931 77
613 5
2958 133
719 427
941 374
6007 379
5054 231
3132 144
4048 212
1218 431
422 126
5438 137
160 36
1481 485
5717 432
4944 87
364 269
721 11
5896 488
4550 412
5496 52
5196 102
1241 317
4650 310
370 191
32 30
3761 371
3636 298
3217 142
404 38
3235 343
2069 293
5511 91
2076 298
5094 297
5781 461
1267 17
5641 293
3283 448
1048 34
2949 456
1661 5
1361 448
4509 460
1197 363
4714 470
5621 80
5896 307
974 281
247 17
5068 475
5695 479
1908 387
2660 20
4737 149
3924 439
368 179
1959 311
2919 224
1068 5
2300 58
5600 280
3204 374
5072 48
363 298
3136 140
5917 162
4816 167
266 177
2481 179
1943 284
2130 121
5051 136
278 4
4695 223
1467 473
5019 460
2760 363
4248 176
3664 223
317 140
3973 413
4974 280
5839 400
4178 97
5828 61
1898 399
1161 489
252 91
177 4
5833 479
208 125
3399 245
3983 306
3259 39
184 126
1221 37
6000 69
1986 267
479 261
722 395
663 255
412 353
422 6
1747 488
2384 478
1243 431
349 121
3237 158
3961 46
1469 454
4304 198
1564 319
1402 373
2302 27
6085 212
5359 381
4527 210
4391 331
5736 448
2178 188
2196 307
2654 159
1583 79
3753 23
3370 285
4315 417
411 121
475 52
4556 317
3384 215
5139 23
842 401
149 65
853 63
4010 252
4164 263
5175 284
2701 229
1005 407
399 251
4127 217
6088 262
3340 126
276 211
4923 82
5947 317
2448 53
982 367
5279 486
2128 366
2798 262
1218 309
2544 111
3423 90
1472 363
1079 43
4283 71
3093 307
4711 44
6066 86
3265 414
3312 397
4947 51
5621 46
377 18
460 374
350 330
763 441
2583 463
52 39
4284 456
2340 374
4466 121
2314 341
4221 70
475 343
4719 250
384 37
586 51
4997 445
4463 392
5817 208
2716 231
406 390
4576 318
1962 179
329 157
3699 374
2643 99
2036 447
2512 338
4820 421
3988 352
1127 29
5216 153
5311 442
5726 320
5506 136
5868 422
3721 210
3783 322
4584 359
1750 102
958 387
3178 490
5048 153
5435 76
5151 51
327 126
3837 263
3352 317
1218 432
3192 488
3469 144
3443 180
3874 363
2469 144
460 456
4946 267
4169 317
247 155
3013 444
493 292
5308 396
212 36
3853 207
3944 314
4976 276
3409 316
4585 156
871 20
6064 155
4390 242
5847 8
195 141
2209 447
1925 317
1608 4
3641 125
1958 363
2852 293
5968 78
1807 307
3969 442
827 409
5747 265
1303 434
449 374
5821 10
5125 332
5375 354
365 68
2338 407
463 9
1434 355
5210 484
2208 488
4311 314
1036 240
5933 338
4719 231
733 470
3641 462
5324 269
1885 249
1281 223
428 366
708 118
251 4
4890 255
2113 488
2181 389
2012 94
3547 231
51 42
5497 429
5053 80
384 1
584 70
4687 126
251 177
4307 72
4955 90
622 60
3886 468
3141 314
4986 202
5683 212
4284 443
706 325
5037 371
6024 309
4354 298
4356 358
5209 44
1972 489
2723 138
1333 200
462 356
1022 297
4146 456
1337 91
5556 95
3544 99
4530 295
404 177
3090 220
4090 151
4198 456
2408 142
3247 365
4590 283
3872 278
280 176
2089 231
5279 78
4929 322
920 293
1039 413
1736 320
4551 382
1998 252
4852 487
716 253
406 11
5161 342
3627 202
1293 99
4636 95
5678 2
440 116
3656 71
3981 365
4915 26
3713 454
1734 71
5243 452
5185 335
595 60
5582 73
3703 346
2256 409
4368 448
1187 234
2756 165
3191 396
3317 443
269 261
783 84
727 290
4582 447
3612 109
1582 121
1510 200
391 302
870 322
3636 210
1771 442
341 17
5516 224
4339 149
420 177
5576 132
5501 106
5694 476
636 140
4548 84
5197 258
5192 461
1695 215
1968 441
2362 252
4529 1
366 49
5437 451
428 337
1949 431
4834 483
1003 255
3596 357
402 317
5156 210
1068 161
4774 429
335 207
2354 147
6013 222
262 261
1396 485
3271 334
3691 470
5042 297
4696 106
2065 1
1189 251
2238 218
4311 422
5115 274
155 72
4029 399
3472 157
2097 11
2254 305
6085 49
343 319
1108 459
4998 341
2938 64
4480 132
183 80
4178 322
3548 102
4695 394
4299 414
3130 330
5554 126
4024 467
364 58
590 236
223 58
1940 249
933 202
3836 207
809 270
460 212
1362 474
3634 218
422 384
5475 48
1443 413
2737 244
5357 318
454 291
4151 1
5656 86
2714 267
407 11
4474 363
4589 185
3475 482
1580 244
199 153
1669 96
5766 151
1975 160
1450 343
460 175
4922 34
5280 432
970 264
872 406
3458 298
4140 229
3759 94
1922 360
783 45
2198 124
3228 467
302 173
3207 38
3865 431
2972 437
4552 157
136 35
1503 366
4473 156
4489 244
2626 87
255 105
5496 397
5975 103
4647 267
5846 179
1406 177
3356 223
4366 245
1674 449
1447 283
1300 215
843 114
1067 258
3476 46
3671 290
370 161
881 58
3802 422
1014 463
5654 373
5407 485
4481 366
423 343
5795 96
4048 414
4204 54
1890 64
483 450
4991 21
956 201
1070 84
591 82
2328 402
732 457
2255 366
5411 44
4936 80
1813 406
4839 325
686 110
255 134
443 177
2767 314
6030 198
2826 198
1086 432
4289 11
1136 229
3831 298
5570 86
5620 346
2131 442
4311 106
953 330
2006 366
184 38
4488 122
360 63
5008 78
545 207
2974 66
1539 337
2317 41
2362 6
1180 349
2231 254
282 126
5746 125
2877 6
4695 325
3197 430
3006 461
5268 352
1689 456
4101 106
1645 376
4240 200
4267 2
682 1
286 164
5560 281
4760 303
5998 212
2447 296
571 235
5645 37
5961 245
1152 343
479 269
1014 95
2943 444
324 252
3654 488
534 402
266 228
3412 51
463 163
1199 376
961 80
3853 161
5961 486
2030 362
5655 2
3636 394
1211 80
2267 97
1696 267
514 431
5802 275
4958 267
5211 66
4690 167
3403 156
472 60
258 174
6056 456
6025 305
3422 265
332 67
4845 127
1055 293
409 254
4978 4
4781 121
5958 371
1882 437
5676 31
3727 125
2959 269
210 198
3604 206
3081 317
4701 159
3917 173
4413 236
4192 431
394 332
3164 462
3567 233
3121 80
3506 279
2398 316
1783 80
2150 11
144 116
324 297
485 363
2410 253
1737 397
5415 186
216 79
4769 404
2787 391
4886 431
5741 432
5685 79
2315 174
5503 280
2375 463
6033 373
3900 120
4053 340
768 50
1323 335
4104 208
1170 304
853 298
678 30
5947 147
5305 53
5562 263
2190 306
2300 191
3822 263
1420 247
411 1
4637 161
126 58
436 199
1444 209
3530 399
5586 229
327 60
2378 84
3554 443
2540 281
352 220
2124 353
6094 320
4232 123
3266 211
1430 63
3787 449
5585 142
343 24
6091 145
705 11
340 201
644 33
1967 381
4879 437
5749 36
5676 275
4713 402
5549 291
3070 16
2728 224
6026 28
1181 238
4658 132
431 411
3309 94
5663 487
895 245
4754 104
460 386
2922 341
1757 297
1527 297
1113 406
3340 161
5688 199
327 223
1779 360
5497 42
105 34
524 341
4276 404
420 142
1738 448
3417 217
4836 460
291 133
1318 251
3340 174
168 58
2280 456
5384 70
731 343
4163 233
3565 327
349 205
1520 17
5942 184
236 218
1415 80
443 350
5720 231
1472 295
5936 162
1237 400
4510 374
5543 377
2223 297
4615 358
460 441
1540 437
3879 211
4529 51
241 171
5599 404
4365 105
208 4
3925 431
5345 130
4590 402
457 420
3784 414
5937 364
404 302
460 258
314 255
5870 199
3839 431
1148 374
317 244
4032 97
2686 38
251 149
4563 223
5824 399
4226 208
4370 6
450 422
6022 388
282 224
2411 126
786 288
4483 224
1125 422
4316 95
1689 5
3829 402
6042 454
4546 234
162 105
609 93
4028 439
4187 456
4557 485
578 314
5880 10
1820 432
174 71
814 483
3810 208
327 71
366 212
1235 172
881 15
776 231
1062 338
1235 285
325 41
4805 456
3975 449
3788 386
5976 380
394 363
749 483
838 360
1195 150
3034 226
1095 298
4657 284
3499 334
3140 156
3521 476
1487 358
3925 322
3901 441
1597 483
2666 420
397 343
4725 90
2457 485
3430 337
2168 18
3388 179
4655 48
210 70
4984 353
206 34
4282 164
343 163
2868 365
5016 87
1251 212
5844 79
5413 50
5226 371
4547 44
5157 229
4365 369
5272 164
1821 6
3893 99
4455 199
3914 407
3010 351
712 332
182 114
4994 93
5159 456
1146 331
973 257
3748 463
4014 410
407 342
3361 284
2994 209
2362 443
2625 79
5084 479
3705 186
4168 470
2333 485
5796 349
3800 220
5306 213
5053 121
2441 80
4943 486
4570 319
5769 54
4490 202
1920 16
155 121
3758 267
4123 209
875 70
443 374
1361 231
3790 236
5112 451
3769 6
4245 485
1551 80
4080 463
5904 404
4635 2
3820 148
2999 313
2344 385
218 147
4839 262
1740 411
2545 443
4624 284
4674 437
202 139
1959 449
5959 184
4370 268
2394 313
5614 432
2077 224
2293 164
1663 26
5046 400
174 150
5726 432
1897 430
4461 190
5571 310
5829 483
5775 179
2112 52
5085 26
755 307
5493 334
4981 106
384 212
2489 263
4340 381
5536 145
2599 11
1818 191
5381 220
1077 168
3784 194
4041 397
1802 186
2747 430
1157 229
2144 263
439 330
5922 298
4532 122
966 204
1394 366
2134 121
618 127
246 155
3597 267
1971 263
3743 267
2977 106
4912 366
774 229
3491 52
1689 384
3663 406
1774 338
2981 209
2350 200
2262 179
223 71
3200 335
5457 103
404 282
5870 436
1928 80
3692 255
5836 299
5304 229
5961 162
3289 285
3699 476
5978 428
5536 399
4414 18
4397 252
3453 483
2551 130
1817 381
5669 86
1105 102
5503 175
5006 295
5163 279
2453 381
1702 402
4203 260
670 281
184 173
4592 474
2546 80
5916 42
3162 4
5310 145
5782 156
2153 284
1580 394
5598 82
5715 35
5567 488
2001 282
5723 218
4253 443
4141 38
2374 363
3877 164
2094 60
4797 404
3329 305
251 119
2757 152
394 277
4814 115
2286 183
1491 314
859 82
4340 320
5798 239
5677 337
3754 155
129 79
1427 177
2022 267
2304 156
4406 2
5854 455
5933 337
5610 86
130 35
4062 31
5173 290
5880 329
5412 174
137 97
3606 254
2644 400
3430 366
1801 244
137 106
5810 42
1111 263
2834 483
3124 253
5449 86
5910 488
6090 253
6027 406
1429 425
5920 462
3636 124
5676 69
1874 274
4855 381
1445 365
4404 87
4493 78
280 97
4213 280
1982 23
2825 373
357 252
5402 62
1459 191
3153 475
3631 368
4479 373
646 26
951 7
2499 100
4913 399
444 356
371 160
5481 243
275 265
2789 80
4300 481
3513 210
2211 369
2584 74
4403 433
2795 441
3288 110
4776 38
2875 325
4674 470
1754 279
329 177
2812 433
319 109
4636 442
1776 164
1072 13
5874 255
3026 80
3805 188
5446 124
5238 19
2780 318
3766 356
246 245
1559 122
2998 269
5507 267
5705 400
2912 206
460 341
177 149
444 188
184 113
4046 108
674 274
2244 337
1379 483
157 124
3099 4
256 84
4485 159
5217 69
3542 330
6066 310
4115 473
2377 439
2432 351
5953 400
3293 60
5994 198
2487 144
1029 350
3816 399
1689 483
2392 366
3680 340
4805 404
1167 357
4618 80
1128 443
5143 371
1319 104
2232 87
1103 191
3609 488
2439 4
209 15
2062 63
6069 164
477 223
2117 155
2963 11
3968 298
364 255
614 445
3131 346
5783 464
5131 325
4919 475
284 149
3608 28
816 422
227 70
2420 19
1377 335
2439 46
2705 267
5079 77
1411 123
1047 231
354 42
5041 117
3106 236
3204 442
4462 159
3596 252
733 437
579 308
1697 402
302 242
5458 2
653 410
742 171
2595 456
1668 381
1702 84
177 133
173 117
4665 463
1562 449
1227 244
5333 229
5511 90
449 179
1902 91
1959 104
2635 366
1212 215
6044 210
5153 284
1928 212
231 79
479 422
5834 466
5679 297
6039 63
1472 51
3286 176
1505 164
977 454
1146 8
3908 442
1928 414
2372 431
1002 362
3084 343
2817 151
2362 400
1114 51
5068 343
358 347
4918 348
2273 79
4321 140
3608 125
2157 167
757 287
4846 78
3847 462
4343 139
162 74
5757 52
3905 454
4924 215
369 177
730 356
3296 147
485 63
562 356
2393 80
3745 275
5075 467
452 427
5695 223
2591 245
1249 214
1946 274
5380 335
4522 107
3009 106
4286 334
397 52
5341 255
831 306
3234 104
1329 180
5584 208
2135 400
4186 274
300 170
2738 356
1666 481
3420 338
4541 173
2757 200
4902 78
5897 379
5025 298
3241 84
2147 15
1097 307
4453 307
2235 439
2574 411
2258 441
5887 145
1178 382
2001 298
4208 314
3246 217
3727 355
5848 184
3970 298
420 55
1819 346
1228 105
547 117
282 215
244 42
4110 404
4415 354
2938 387
2263 8
2612 372
396 390
2214 144
5402 267
3298 29
3337 319
6026 263
393 275
1468 252
1856 236
2063 156
5019 412
2152 140
412 386
3039 295
2807 219
3203 319
1916 338
1966 366
3005 142
5087 380
5513 371
5223 486
1923 488
4254 365
127 40
2653 23
876 202
80 6
1132 346
3574 363
4750 452
1378 484
3545 444
808 199
2387 106
306 299
4981 134
1021 87
387 196
894 451
4945 317
5602 171
4515 448
5912 380
4980 263
2609 20
5783 329
2355 302
5641 346
5759 209
5113 343
3836 38
1945 401
2845 245
5372 371
1562 319
4550 134
3121 366
1964 343
2904 399
3791 236
4834 182
4823 42
1986 436
3454 210
3717 461
4304 175
5245 168
5503 439
2726 299
1836 304
5511 6
5056 58
4577 343
5919 144
922 287
992 342
4720 84
4323 368
5396 349
1386 104
729 220
460 314
3954 149
5330 105
4695 436
3484 340
3317 245
5531 374
199 121
3386 274
5776 160
4135 17
1868 200
6097 10
4227 24
889 451
5856 19
5682 223
2826 55
5337 21
1468 357
2463 249
4752 293
3015 151
306 173
4813 173
5285 380
250 146
4786 223
3007 111
850 6
4374 210
4370 443
5424 167
1702 406
3211 20
1248 4
525 20
1783 20
1831 242
1691 109
5218 398
1650 20
475 27
5409 314
711 410
1038 22
2001 61
3014 233
376 255
4200 210
690 346
2647 402
3059 227
2932 456
2050 314
5314 356
2275 104
4765 268
1065 318
799 71
3205 138
503 472
2894 474
420 182
5244 349
2749 96
485 422
6028 358
1472 29
4693 342
3149 381
173 89
5721 77
233 114
5584 260
1070 144
2204 468
3500 210
1785 441
1705 74
5935 309
2281 414
2082 231
1672 97
5754 346
5596 53
3838 467
5424 243
982 144
1377 191
2749 365
3795 4
164 104
5015 147
3664 477
1102 356
246 5
3599 279
4365 314
575 124
1247 290
3433 79
5257 432
1855 402
967 342
499 105
5892 79
3985 91
388 95
2642 413
5890 208
2336 314
4787 366
4076 242
1094 483
5961 280
1647 28
3092 200
450 313
468 377
1637 267
790 475
4131 142
3869 311
5765 206
1394 337
2458 6
5252 42
4184 252
5627 488
757 24
5126 124
5616 413
5695 261
5007 23
3886 178
3754 269
3694 99
5193 293
5996 77
2637 106
1289 22
4641 244
4872 285
616 432
1568 104
3950 74
5978 337
5835 357
844 64
2795 121
4107 129
3442 139
2184 333
357 102
1957 290
334 156
3138 209
5036 232
4409 443
364 6
388 319
2886 464
2727 326
4664 340
457 169
5598 126
2212 456
4699 254
3014 168
2932 177
4155 397
4612 395
537 432
4865 209
1185 309
309 299
626 233
2429 161
2758 158
2811 377
58 15
3729 63
5416 346
2438 117
772 168
5710 237
659 68
2661 397
5418 340
2324 51
268 206
2393 211
4977 102
5947 403
252 80
5932 215
2356 239
5364 335
2007 223
2251 390
2085 18
6050 265
1270 488
5089 78
2603 357
1131 209
2542 451
6017 379
5967 41
1764 166
4643 363
2011 267
275 8
5820 282
340 23
58 16
2370 107
1634 245
3579 106
2976 29
3311 52
1531 325
2389 41
1132 96
6037 253
5144 168
1714 263
3529 400
5629 439
5376 93
1019 422
5188 249
3567 234
3998 349
4849 132
4217 263
3313 400
512 83
5405 282
612 20
2314 486
783 11
2541 38
4880 138
465 231
3147 163
441 229
4305 404
282 174
2779 27
5109 447
4201 124
5437 198
2952 177
5486 223
310 106
5725 441
5175 202
5119 17
1554 198
4490 153
5901 417
5683 414
2300 67
199 155
4631 429
1834 265
2477 406
403 299
211 4
853 363
3447 489
4695 199
3758 477
243 176
3185 445
4926 341
6087 365
5988 184
5133 136
5695 269
2744 199
1463 229
5989 257
2233 363
5657 452
5292 89
1116 452
3707 366
4463 6
5442 381
1534 261
466 98
1412 308
1947 257
6088 325
4805 242
5074 77
5751 428
5849 63
1426 47
4795 234
5734 451
750 451
5034 160
2535 468
3755 287
5149 171
1012 419
3123 194
358 205
4538 284
3813 319
283 144
4419 429
5713 298
5062 429
720 470
1476 163
2985 343
1197 422
1119 391
3125 335
300 105
2209 397
2209 160
351 302
3163 80
3739 451
4031 270
4263 267
165 5
4239 186
4329 82
342 94
4504 242
3956 231
3802 322
3666 208
5097 404
3972 177
4492 358
3725 413
599 451
348 60
4811 95
3727 424
3582 293
2537 320
200 152
1197 308
1639 348
1395 341
4915 422
584 306
2750 149
856 74
4235 404
3340 71
772 368
5106 437
2263 277
3564 283
4219 257
685 17
2104 348
467 437
2706 42
2081 181
3340 339
5336 356
4197 244
2912 34
1846 455
208 80
573 267
2028 34
2119 239
4918 164
3271 126
2946 392
3147 99
2901 244
2997 448
451 8
5394 70
793 341
981 293
909 448
1024 384
702 215
4318 483
3629 317
4906 472
1992 164
3526 283
5533 282
2955 4
457 438
1633 50
516 114
2442 267
392 247
4513 365
2527 60
1461 126
3556 50
4427 432
342 42
4643 63
3239 334
5129 409
4564 96
337 135
2411 386
5168 254
4664 373
4310 69
356 92
1371 210
6077 356
645 292
3543 439
667 106
2342 85
286 205
3520 71
5621 208
2930 35
405 97
2344 127
4213 24
734 314
5604 371
407 317
3401 350
5605 334
1572 393
4804 457
1622 140
1861 401
3724 39
1108 429
4728 442
4353 26
5752 174
1960 51
1469 358
2881 290
1485 447
1163 120
2690 318
4800 295
3468 227
949 281
5782 46
2001 363
3859 452
1486 448
5528 191
2468 293
5468 295
4182 370
2361 233
476 277
5773 317
4803 121
3967 155
269 161
4424 353
5689 168
894 391
2353 46
831 430
348 327
5765 34
5635 174
4335 98
5992 164
5553 371
1871 445
800 291
5056 168
6032 287
3102 211
4841 279
418 294
2080 121
431 160
4062 69
4873 365
2024 164
373 263
4893 54
5187 122
385 299
5297 330
1006 467
1996 399
5673 226
2830 111
817 396
2138 202
5883 317
3596 178
3380 386
4400 404
2691 330
2984 307
4738 310
3542 399
1276 215
4954 77
2426 288
4579 444
199 191
6093 10
6034 356
2874 330
4274 455
1098 431
5479 394
3836 215
5002 402
191 71
2860 279
4024 454
1860 160
2212 267
5714 224
2492 485
5870 155
4848 2
5174 379
4041 264
3702 85
5154 422
2978 406
412 55
5399 356
3865 160
1013 322
1307 124
4304 210
4859 445
4282 178
2884 455
877 206
3863 485
1013 402
758 290
6021 291
1206 340
4152 301
5436 177
267 186
3181 294
2730 320
5283 21
2641 398
5658 43
5584 437
5635 443
1991 110
432 431
5863 193
3746 330
5023 210
3003 437
1489 306
3308 381
5309 445
865 309
420 256
4307 155
2491 489
5568 206
3989 244
1740 125
2875 161
4291 288
431 397
3342 167
3485 213
1277 265
2875 8
2048 412
2425 63
5262 179
449 205
3647 391
2465 365
3909 327
5290 260
3046 173
3747 394
887 297
3062 27
5885 388
1938 473
2754 385
5763 86
1579 22
5509 364
3174 384
894 124
1780 486
855 134
3076 242
116 84
5445 235
2840 478
6080 104
4608 357
5300 229
4151 118
449 104
505 334
5995 54
2353 97
4956 448
660 370
4360 317
3341 263
3221 358
2160 281
4294 488
4412 84
5849 360
1458 407
6050 277
2524 429
322 215
2334 158
4460 97
1986 223
3496 91
1064 446
3231 397
831 180
5765 404
443 174
5898 245
2893 90
4109 79
5313 356
712 239
2023 51
946 488
360 298
4822 116
269 71
2869 450
930 472
2499 359
1164 293
4451 138
4193 307
875 80
3689 483
5637 384
3731 107
1915 462
4782 376
4976 422
443 412
3396 298
5137 98
5030 171
441 399
1155 381
2450 407
3757 288
5642 452
2896 207
4578 257
4951 210
276 245
3375 5
2696 488
447 372
391 37
504 284
1591 279
4102 160
2257 210
3179 413
3679 334
329 247
1474 400
5064 209
3625 168
3461 283
2824 139
803 285
5515 299
266 149
1528 223
3816 97
1814 221
4926 17
4467 413
449 24
1469 102
5928 476
1716 161
5855 179
2711 217
5055 35
4761 431
2041 437
55 51
4304 280
620 260
3398 79
5137 62
144 79
4682 157
3373 298
5059 279
2086 122
364 113
5943 476
2302 168
4222 70
287 127
1314 462
5925 410
5217 370
4722 85
5436 28
4111 40
2520 451
5167 298
3882 456
1440 305
4282 422
4839 199
5287 297
5073 432
1857 439
2560 337
3580 174
3747 332
2037 421
3923 220
4209 409
798 210
5184 449
5842 68
4426 73
5223 394
5072 77
3907 274
1700 250
3326 341
298 198
5483 479
1234 231
4807 260
229 213
2666 73
2314 443
699 290
2604 317
404 251
422 252
2766 406
1377 223
2709 298
881 16
4027 443
1020 53
4034 485
584 54
5825 283
3771 31
1104 255
4256 2
5749 78
4042 290
2300 245
532 26
3586 80
1656 202
1805 51
1144 56
2804 87
2957 490
2982 257
3340 199
4550 149
3043 414
4015 381
3155 179
1461 174
4352 462
5911 24
3575 424
1781 270
479 262
5500 27
2105 401
2428 267
907 268
3224 194
4874 341
5414 231
4187 245
5180 5
5662 318
561 209
436 121
2005 5
298 61
1660 295
5535 158
901 322
1748 320
2499 48
422 341
5273 335
2560 366
5967 69
4383 242
390 229
2002 448
331 282
5062 332
6056 10
3093 488
488 254
4136 450
4518 489
1514 330
5706 183
2688 257
3042 40
3744 129
1264 357
3175 84
1306 73
388 381
5895 308
306 55
5317 149
3024 198
534 406
5972 155
206 66
1688 87
2106 274
3269 186
4347 328
4373 314
371 107
3413 397
3447 422
3967 191
1570 486
4391 239
4401 280
2498 156
2871 223
563 343
4815 208
5859 87
5918 202
3310 284
5665 132
1094 249
858 231
5663 338
1014 164
424 125
2565 119
4519 482
4300 87
5389 133
457 435
4991 194
3991 4
4559 447
5049 212
1599 346
2333 360
456 443
1646 250
834 252
342 56
3553 443
2258 296
4359 28
252 75
479 161
5790 276
4696 314
351 291
1906 358
5782 302
5865 124
3139 394
5561 460
3539 330
480 50
5288 293
741 373
5152 293
4304 298
2169 255
1451 121
535 441
4620 34
1953 439
2266 278
3565 200
2855 440
5730 394
5164 404
840 257
2863 284
4709 223
4683 441
4638 208
242 124
3306 452
5671 281
2257 335
4160 486
436 275
4550 483
5478 5
449 220
5573 297
1511 372
107 27
2481 366
382 313
3828 168
4026 432
5869 246
4282 443
5734 156
357 166
5060 136
1823 106
5690 238
1891 39
2677 42
5611 393
1363 452
365 240
2218 350
5564 263
554 451
4627 404
1800 447
3784 337
3955 309
5683 86
4857 202
3742 87
480 29
3189 153
915 400
3617 346
1418 31
6072 280
3917 252
2959 71
420 105
5222 245
275 31
1084 51
5990 427
2070 157
4972 54
4902 414
3696 483
6003 98
635 413
4079 365
344 159
1900 168
1480 443
684 287
2675 20
3454 459
4417 392
4723 140
6012 207
4790 17
3048 297
5001 308
2750 38
1824 38
4978 284
3633 488
2915 18
4705 345
5843 173
5189 6
3179 353
325 199
2321 311
443 6
384 183
4113 365
4831 386
4549 150
1034 260
4784 140
5385 102
5563 98
5387 488
2248 100
5301 44
4696 21
2988 394
1024 287
384 182
903 120
2478 74
4467 481
4109 182
3343 274
4703 442
3887 293
470 467
5003 305
4614 2
2895 426
1624 297
884 202
1446 394
4098 297
4892 22
2904 255
5148 171
1992 24
1093 74
1388 252
2090 199
5193 461
5518 231
4322 307
5583 2
452 53
368 314
1039 267
2374 332
4486 315
4260 212
4738 111
4583 337
5022 38
6061 379
862 87
3555 421
2890 106
905 157
767 191
5361 439
1081 308
2256 254
6078 231
3533 16
5541 150
4153 455
2540 432
486 461
5267 432
448 365
1181 431
4206 5
4307 296
552 257
1495 457
1352 237
4619 158
2112 39
1100 79
4296 486
3171 208
523 432
1644 79
2863 177
1929 263
6048 215
3851 371
5545 261
5428 218
2306 212
2991 126
4327 115
4442 353
4315 468
3355 431
594 425
2573 436
5486 74
2815 124
4313 297
3745 8
5167 360
4550 118
1341 247
831 173
475 397
5575 320
5504 387
2572 453
448 114
4737 384
5613 151
1407 360
2972 470
693 406
1607 1
2666 274
5769 238
347 205
3935 472
4234 307
929 486
6089 453
4316 42
733 229
1807 151
2430 401
3822 149
5032 208
4585 37
1873 456
3962 283
1613 431
3101 26
4467 353
2054 317
4891 102
6002 113
4152 263
5635 369
831 394
5459 473
2234 239
1347 114
4983 413
5941 79
2901 299
4770 297
2071 80
4698 431
2127 67
5529 433
2696 307
3786 254
2239 209
3290 208
344 177
3225 481
56 42
3610 168
4701 84
426 321
481 182
1829 275
364 80
2108 103
3697 422
51 29
388 374
1492 302
1833 279
470 140
2525 173
4209 254
276 6
2543 345
5397 349
438 29
3134 34
4297 247
706 339
1152 74
2936 483
1266 70
3726 267
605 54
1993 160
804 118
3776 251
5623 345
1733 104
5279 341
5329 263
370 174
4704 38
5302 236
429 293
175 126
4130 22
1979 6
5635 268
4537 168
3246 340
2726 442
517 210
5594 276
3991 207
1410 109
164 3
3723 20
4606 400
117 115
5804 346
425 410
4936 370
452 176
1445 87
5157 218
2638 257
747 122
3838 470
370 58
3752 340
2811 18
5772 251
2862 131
5207 485
4789 103
332 153
4036 229
6096 367
449 319
2438 366
669 400
636 356
5299 142
296 82
2733 370
1612 343
4137 94
631 80
643 116
2379 285
5280 1
4142 257
2362 439
2850 431
1050 40
4485 402
4058 292
3044 365
4571 160
5005 460
2417 186
5532 293
2353 126
3820 367
5906 284
1715 485
184 55
3635 124
2906 124
896 109
441 82
3548 157
5828 155
752 106
3003 470
614 287
223 16
557 156
2560 99
4173 103
4435 450
5631 308
2947 84
751 82
5092 208
262 223
3123 314
443 302
729 312
5650 10
4243 209
4470 317
4158 257
5072 407
162 80
5065 445
2103 348
1689 412
1791 148
4651 341
3827 390
1081 173
4338 359
2610 11
2481 70
1780 17
4882 87
197 46
413 369
3708 303
5410 62
1925 402
5823 307
5524 454
4535 279
2370 120
277 275
5950 307
1618 488
223 174
3780 255
5251 155
1197 274
2259 142
1524 411
1490 258
363 239
5451 307
2373 239
5863 267
4372 366
4097 422
5944 215
5379 306
366 337
431 238
223 126
1085 298
5100 295
5019 280
2898 360
5505 374
3495 209
3297 70
308 52
4945 274
456 80
2940 167
5608 200
2532 97
5575 65
5226 136
6011 10
5600 450
2666 215
5517 346
369 66
4558 114
1507 353
1271 455
452 352
3038 332
2517 262
4326 16
1592 102
2653 381
4081 322
3122 488
408 311
4618 96
1423 398
370 223
791 414
3449 451
2156 400
3928 85
3134 206
2501 99
2347 220
3012 464
4331 384
3340 31
4740 80
3160 98
3126 261
4491 472
2818 346
3754 262
431 369
6022 403
3811 429
4478 80
358 151
3826 124
1979 417
397 115
4122 217
579 400
4503 252
5000 209
2652 87
4822 490
2478 199
4874 17
1955 318
4534 261
4272 417
5131 479
5393 486
2173 97
437 140
432 360
4669 149
781 260
2276 407
193 191
5956 193
1746 233
4261 104
4399 470
4982 386
3394 476
4837 231
4787 310
302 251
3027 157
2961 118
4065 87
346 293
4568 159
5617 479
921 287
1177 386
1792 325
1899 482
5511 252
5683 472
648 439
3673 104
2809 348
460 5
364 242
5537 404
5929 217
4458 255
4373 280
3978 233
5913 11
4105 21
3855 34
1675 26
5251 379
4971 265
3653 208
2936 198
3799 250
875 412
436 289
1876 432
6093 483
211 130
2072 398
4824 455
259 4
602 85
3065 317
6050 476
3738 360
3589 328
454 338
2407 183
2370 95
4934 156
5926 355
2422 366
162 58
5056 87
5660 446
4936 386
152 23
5011 439
5966 428
2689 200
662 392
3519 332
5228 384
1936 60
4902 379
4617 73
3897 452
2741 481
5219 379
2911 307
1208 484
651 13
3856 271
5881 478
4507 404
4894 239
2702 236
184 58
1949 129
2828 474
786 263
302 142
3813 176
5646 2
1689 268
4484 74
908 474
3529 314
5528 199
2463 282
414 298
4227 164
2813 445
4408 99
3586 208
3320 250
393 126
4937 84
282 249
2704 104
2154 445
4796 430
971 106
3982 6
700 400
701 196
422 287
5733 62
2932 391
406 340
193 74
268 105
2949 242
638 414
4815 40
824 461
2199 263
1554 71
6040 86
1935 357
2188 431
2587 94
4326 15
5619 76
4663 307
1452 51
2174 490
4085 78
6056 1
812 343
4273 343
6063 277
1718 80
1911 410
1416 51
1427 236
581 378
1657 200
1351 239
3339 11
3588 199
4851 402
5422 8
5779 201
4339 47
1526 400
4041 39
3285 105
4688 188
744 445
6089 57
312 311
687 173
4786 153
3656 386
3620 70
197 54
5830 122
4792 234
3340 430
1726 293
3321 292
2996 392
854 343
479 174
913 445
5697 51
847 284
2800 168
3796 212
5155 44
4052 443
3031 140
3462 70
3638 42
2847 215
382 24
2853 435
3774 461
310 164
527 245
4215 17
422 282
554 67
4853 418
5183 20
4621 84
3940 103
282 255
5013 346
5411 335
556 483
492 154
3533 15
3319 307
2573 325
1943 28
3166 484
5784 448
5777 18
582 457
5534 488
2243 473
1630 381
1554 483
5339 314
4359 359
2679 384
3605 381
662 6
4482 88
1277 476
3260 106
3813 408
5061 381
1961 89
5494 112
4529 309
5465 97
1238 363
5080 436
3661 96
5611 153
1865 127
269 174
5876 244
2616 397
5012 293
5686 396
1596 106
4779 42
5486 460
5388 149
5841 476
4749 147
1767 305
2386 490
2400 308
210 117
3639 211
4055 293
4986 111
3050 156
984 58
420 126
1103 325
404 288
315 182
4175 358
2750 284
4888 482
5277 483
3883 267
4569 50
5571 111
1448 64
3315 202
5829 17
4895 239
4916 208
3965 125
365 114
985 422
1000 213
4803 207
468 362
4212 357
5098 287
2659 355
1739 191
1744 117
2825 263
1049 207
1176 314
4337 244
6045 394
5422 277
1435 186
784 455
4834 280
3435 196
5691 76
6084 346
3001 245
1223 389
268 37
3311 475
1569 297
4972 85
1462 287
4635 341
2250 121
3180 311
446 28
371 11
2346 102
604 179
4838 69
2684 67
1200 485
384 127
4337 306
5035 365
1728 407
3199 267
2191 299
4446 79
3530 350
1954 17
2990 93
3566 121
3763 349
1518 254
5814 208
2201 179
1933 127
3487 490
1320 144
5985 446
126 71
5927 184
2832 279
4794 315
1101 433
397 27
888 231
891 478
2411 37
895 17
4361 390
4166 44
2564 175
1670 96
3535 186
442 285
4884 140
4432 124
2910 431
4235 168
2531 209
407 354
3121 49
5503 177
262 199
2708 334
1704 334
878 234
5126 157
2464 470
5070 394
566 370
2970 297
5653 392
460 443
4269 29
3694 337
5681 125
3793 238
5526 467
4420 22
382 243
1127 212
3920 406
4298 171
2920 222
6054 2
1162 463
3643 60
4901 183
1122 390
266 111
479 456
4950 296
6093 379
1051 98
5803 80
2606 296
5071 16
535 91
4644 11
4011 229
627 183
2694 249
4724 173
2674 229
3008 220
4945 132
3457 183
4185 469
172 87
3925 160
2021 321
253 229
2790 200
3992 398
2058 18
3766 473
1765 377
916 452
3991 459
5236 170
5511 357
4678 179
3888 124
2596 445
420 278
4662 282
1384 106
5063 186
831 477
4284 422
5871 296
3088 441
5734 210
4652 298
5642 176
2400 363
944 449
121 46
1935 358
3844 233
4500 78
4359 4
1573 94
1884 11
3408 102
2274 348
3061 254
3818 188
3507 253
1330 202
4068 173
1715 298
4434 372
3712 99
4214 224
4899 245
976 442
5291 431
4490 451
3017 209
2311 386
384 118
375 120
765 82
401 341
340 45
4695 155
3818 462
2426 28
3782 122
3156 30
533 26
593 168
4633 58
5381 305
412 177
4809 125
2959 262
6060 476
3127 236
5056 173
1856 218
5105 260
400 343
4012 314
1133 24
3039 360
2341 398
4853 294
4189 257
2246 483
2875 393
253 213
3521 265
5112 108
2664 451
2928 263
848 284
743 368
2798 325
2485 322
2414 219
2857 164
1522 20
5292 95
616 9
420 58
3000 348
5463 212
5050 257
815 317
5813 142
370 71
4630 456
658 168
2499 207
5963 341
4107 448
5902 299
3958 398
1523 407
5892 114
5774 399
3451 51
4806 345
3264 124
4187 78
942 442
3196 387
5540 18
806 477
5551 98
4578 371
4738 413
265 8
4701 260
691 392
149 28
3925 114
454 299
4444 22
1419 399
4370 439
209 9
4436 400
1218 52
2506 4
4428 164
455 61
2770 467
307 245
508 281
6020 159
1291 17
3722 33
5391 452
1538 338
4973 401
2326 38
2570 268
4913 350
1032 299
420 12
2449 95
5907 391
5695 262
4154 87
4328 132
4437 51
343 107
442 356
451 46
5611 460
4095 51
485 210
4181 22
3929 394
3758 155
3030 295
4125 252
3089 390
3926 410
416 117
2359 417
1939 257
5597 208
5145 352
1256 139
2368 431
5315 177
5937 268
4333 363
4343 485
1697 257
2764 279
106 20
3431 223
5482 30
5443 279
3804 394
1004 233
285 95
2120 319
5260 259
1769 181
4939 317
4317 256
4695 161
4817 473
4217 446
3415 73
205 27
608 115
950 384
3568 116
3224 152
515 38
4113 96
2877 443
5949 10
2416 54
224 126
5472 42
3143 358
460 134
1370 407
1710 406
2437 435
715 97
3614 290
3697 314
920 461
4648 480
4567 160
5738 373
4002 315
1727 209
4763 483
1674 104
460 82
1345 318
3116 346
570 229
5577 41
443 252
5653 6
3842 467
471 422
396 217
1713 203
145 111
1483 218
5338 371
2145 432
4227 220
155 17
5315 229
483 337
3503 293
3381 476
3853 8
3285 206
2891 102
5840 482
267 191
6056 242
2814 350
661 168
2878 345
3248 478
5200 107
443 383
299 121
4526 279
441 121
2371 111
4252 235
4680 247
207 67
3921 445
4119 198
755 488
4637 483
4373 21
4282 163
469 148
388 243
3229 196
4031 327
5868 208
4622 371
415 79
1154 229
5348 70
5318 150
1220 263
2927 486
3103 89
4040 434
2155 489
2773 215
3340 393
4402 218
1567 437
3360 181
1026 255
2231 409
833 252
4756 181
426 203
4039 229
3087 452
337 314
1903 322
4936 210
4607 404
2749 11
1703 79
2923 215
1482 51
1094 242
5579 86
1658 111
2998 174
5785 235
1829 277
3201 293
4563 58
1176 439
451 4
795 244
3311 397
5498 255
2739 258
1724 341
3691 437
6043 400
296 8
2875 207
5704 476
689 229
3141 179
1897 223
2314 17
657 18
2240 330
681 461
1236 147
4591 298
2381 406
1982 18
4839 69
3314 211
557 298
5889 76
440 231
1188 139
656 481
1173 257
1697 11
3291 29
1708 6
4359 149
2532 351
177 28
4348 42
4618 106
329 287
5069 208
2321 312
5045 76
4966 252
475 349
1516 382
2363 356
4608 90
5588 243
3380 126
451 108
4198 215
397 39
5839 281
3813 281
3406 229
1502 168
4196 414
6044 485
4960 488
5480 400
536 442
4022 38
3002 84
4652 210
2679 314
1674 474
3711 48
4750 311
431 15
4990 87
1589 397
1986 199
6057 263
3301 476
246 17
5208 21
5148 311
5703 452
3810 338
1056 97
5772 177
251 28
3454 117
438 435
5279 17
1555 151
710 150
2189 431
3142 173
4785 139
2510 394
783 64
4282 6
4280 53
6005 179
5141 460
420 135
481 420
2028 206
6012 168
4499 122
5907 364
183 1
4989 268
3957 484
6085 366
2658 255
1558 189
3561 183
437 229
427 408
386 370
1847 482
5550 460
1011 322
443 242
1192 60
5275 247
3132 488
1935 90
4602 482
3137 182
78 74
2904 443
4224 456
382 319
4876 156
220 100
3370 95
1818 1
3693 290
364 161
3757 242
5984 23
3370 308
3735 123
999 456
414 366
3102 91
5251 78
2872 236
4641 370
4695 262
4743 488
177 119
442 420
4671 343
5003 475
442 431
3817 309
5871 69
6092 2
688 235
4216 267
4670 325
5663 4
3745 325
3721 70
3478 431
731 449
1103 199
5724 307
4982 71
2704 449
728 80
460 148
5127 460
1000 229
1896 85
2908 164
2572 381
3455 226
3886 463
5237 338
4066 41
5171 485
4853 218
1801 64
5634 290
3427 346
2539 106
3927 308
2519 376
5343 154
3701 238
1979 252
1990 338
4346 467
1891 163
651 387
4091 18
5914 184
483 433
617 223
3746 28
3595 485
5961 20
325 261
1178 360
3183 287
5199 404
5182 306
3571 279
2956 318
4963 151
5084 481
2946 155
1513 206
5742 255
6062 476
4681 257
5406 327
5749 132
4068 483
3808 140
3112 122
5310 374
329 251
407 338
2827 456
5672 87
4176 447
5280 343
4750 408
3374 244
584 368
5866 424
3787 400
2298 239
3080 144
4910 234
4632 84
1784 437
5702 77
1686 4
2692 432
6099 440
5865 270
3744 127
385 384
4084 17
2355 179
4717 43
4558 93
1252 381
4038 229
1468 102
4369 373
2353 386
2518 233
5167 310
507 71
3059 70
1521 209
6068 197
1643 231
187 121
5272 237
4506 356
3281 316
3697 17
1315 488
731 378
5886 86
391 202
2725 489
2683 290
5358 158
177 92
5422 69
2558 320
2904 412
3637 303
3213 67
4495 399
1216 407
5020 8
1221 391
295 51
3607 290
3596 358
5213 407
3285 268
478 38
5422 275
5324 126
2559 268
3746 149
2586 102
3042 270
1286 51
4695 269
2423 274
2438 337
3990 313
443 24
5298 236
296 72
1494 333
3453 26
745 122
3484 396
5352 409
5790 379
457 442
4582 297
5377 2
981 263
3747 363
3698 220
3282 448
5361 329
4234 488
1932 43
2159 85
1462 290
3126 262
4791 17
4184 443
1151 176
466 244
5991 212
435 356
382 286
2415 186
4411 363
2983 103
2438 164
1171 115
1893 376
3675 287
737 38
530 346
4747 384
4024 291
1339 233
4054 415
4842 144
1012 238
4667 379
1515 122
468 343
5062 173
507 353
4330 381
3633 392
1986 325
3332 111
3622 307
4062 8
2093 359
4319 285
2083 363
386 126
4793 161
184 80
5620 364
5661 239
431 305
384 170
3362 410
4321 437
314 174
2206 439
448 96
539 116
4672 297
5797 310
2016 284
443 422
4994 231
162 54
3677 91
963 362
4008 140
6074 403
816 420
5303 399
1738 168
3965 124
5782 280
5392 342
5515 317
2704 443
3999 69
2841 392
1724 17
4024 470
5740 479
5249 267
5276 402
320 50
1246 254
5189 252
1585 407
4329 121
3753 340
5437 1
343 220
5841 41
2163 255
2216 42
4917 8
309 306
1391 285
6058 197
1210 431
4478 456
1184 234
3684 348
5946 77
484 231
4159 408
4616 78
266 28
4987 155
348 99
386 174
364 252
3655 233
1761 382
1806 392
2607 431
3229 95
3340 155
3868 156
5980 154
3589 429
2534 199
2698 233
1821 245
3873 335
4334 297
1258 426
1301 257
5522 136
479 358
363 332
374 313
3186 232
4003 431
4684 102
2931 68
473 90
476 8
5892 231
161 71
4636 468
5027 76
4351 269
5587 142
1451 82
5169 373
1070 11
4932 254
3253 71
3126 277
2360 31
5169 263
2247 293
355 125
3422 74
2293 314
2548 167
393 370
619 405
4375 102
3951 194
4988 375
1262 156
1625 442
6002 10
228 124
929 20
2617 49
1203 386
402 11
1621 334
442 98
1142 295
3120 147
1042 164
1785 175
5815 480
2481 212
4031 431
1256 391
957 16
4387 377
4205 447
1044 244
2469 473
206 38
457 440
5838 1
2053 370
3747 239
1408 156
417 377
324 52
4763 63
5652 235
1719 402
230 229
6083 184
3402 421
1508 366
5839 349
1274 445
488 307
476 275
2114 463
306 177
5322 140
371 317
2481 368
5422 262
2482 28
2830 366
4701 116
3033 358
386 314
633 284
902 157
470 437
1033 346
337 268
5165 297
5326 291
760 446
4241 376
268 113
1992 205
4868 485
1855 18
3569 309
113 58
6093 276
763 82
125 124
6031 279
5111 314
2149 384
1635 307
3393 476
4133 238
2577 262
1449 278
3330 400
2710 121
4670 269
2655 343
3725 298
3798 399
1005 467
1393 58
264 117
1831 46
4207 400
138 54
4793 126
4469 198
3357 439
2152 317
6053 376
844 45
4365 443
5344 440
5780 340
4936 69
3035 124
5851 365
4109 420
1279 217
342 144
5312 142
5095 62
4945 73
5240 183
204 28
1567 454
4700 318
2269 94
2463 278
2635 391
3073 142
412 252
4873 298
5286 346
4403 44
2304 451
782 357
4264 334
364 177
2450 84
911 319
3779 153
282 34
2771 338
5683 60
4361 459
2322 138
995 430
4394 422
365 13
5509 314
3860 41
3157 393
371 343
4531 95
2846 142
6006 118
1800 307
4657 404
1251 366
4314 487
4574 9
272 95
166 102
2926 4
2293 366
1758 20
324 87
2057 366
5960 245
3896 284
3372 407
3965 188
2695 307
5368 290
3965 461
3092 122
2883 338
4455 69
479 5
4019 179
364 170
2436 48
4751 90
4067 325
2147 16
5089 489
5807 459
3827 381
1244 157
757 464
2629 73
3167 290
321 203
832 102
2526 201
5236 206
5170 373
5625 355
5178 255
3285 34
1546 366
546 215
972 349
5903 409
3906 295
3317 247
4376 373
2013 257
2088 396
4230 402
3741 160
2066 482
3022 28
831 325
1359 488
2203 151
5810 367
4769 330
5648 280
2679 156
394 232
21 6
2355 212
810 51
2969 231
1561 125
3155 314
5073 281
1284 224
3271 386
1110 451
1605 29
77 48
4362 87
4941 298
3459 488
3147 366
1629 486
1053 53
3346 374
2963 402
729 408
5062 459
302 175
2276 440
2068 173
1094 314
78 8
356 147
1870 327
2412 374
1808 281
436 155
5401 65
1971 28
689 213
1745 115
3593 115
5013 206
2765 153
853 360
5450 265
5365 346
5860 40
4287 316
5057 402
1616 138
5552 164
2493 445
2825 177
1436 91
5189 443
2221 341
1139 372
3875 127
231 42
1979 443
3608 284
5907 302
4306 483
329 155
2478 477
2734 267
1825 89
3110 17
5082 1
763 436
1249 38
246 211
3443 223
314 156
3527 291
460 121
2845 252
2996 155
89 87
488 409
6073 404
3646 235
2268 486
3839 160
193 186
835 47
2769 85
3113 226
4124 355
5820 153
1147 472
2370 374
5350 454
1175 121
1147 60
1822 456
2332 265
439 177
3794 348
1350 398
1655 121
3786 409
727 96
4282 252
3004 311
441 99
5940 476
4540 430
5699 18
1541 153
480 438
476 265
3942 258
299 1
860 463
4475 280
5029 22
1442 340
3465 71
96 80
1689 161
895 486
4539 359
388 176
2229 194
337 113
3455 326
436 8
680 267
6066 428
3141 368
376 314
3662 222
135 113
5674 267
5954 239
3347 330
3864 236
2101 370
1849 293
4575 348
4457 44
4741 460
1652 109
5624 178
2427 227
2683 289
3559 298
3000 29
984 215
1425 245
5067 179
382 104
3492 303
2126 60
1811 452
2503 139
4864 88
4676 376
3895 400
4909 82
2803 365
6002 268
464 314
4423 223
709 22
441 299
3773 354
404 4
2953 377
5224 189
5676 199
3694 366
1701 27
3609 307
5363 287
1104 126
4889 80
5327 153
4853 220
3896 30
4940 215
2538 356
5212 402
397 117
2516 399
332 239
5839 164
5711 376
5816 466
391 182
4600 26
184 88
5789 20
5771 409
3423 357
4755 209
4856 122
606 422
744 188
2990 88
4860 269
3502 370
3049 415
412 126
2761 484
369 175
5508 62
461 293
4359 263
2754 173
2353 451
3956 440
325 223
2552 278
4394 400
1606 122
5981 449
4057 398
2528 440
2265 252
1055 308
4832 461
436 325
170 105
3734 318
5811 342
3670 369
3303 369
4020 351
3457 1
483 422
1033 360
5422 476
3467 71
1875 284
739 452
1766 97
5219 376
3613 394
2048 278
4721 257
140 92
4923 121
5682 193
5114 167
655 486
3421 297
293 263
2829 209
391 384
2198 393
619 97
4805 179
5805 116
5812 184
1614 290
1057 244
1956 51
5869 317
1499 325
2561 106
5572 236
269 223
197 194
3177 421
5146 392
2115 117
457 299
3775 346
268 34
2470 199
857 381
3825 400
5802 232
2218 330
597 407
5061 346
4557 363
3641 40
1294 160
2991 174
4822 317
4452 20
5739 257
2241 343
3340 223
408 352
2778 198
3930 303
343 336
970 397
3964 20
5755 18
2707 485
4536 440
3641 188
4386 87
5135 267
300 255
3905 357
2517 325
2532 302
5964 476
772 426
6022 76
2707 210
4587 215
5591 290
5456 329
4253 177
5274 164
2969 114
5423 253
313 85
567 41
5783 10
1936 413
3836 157
5148 408
4474 332
1822 242
1715 106
3340 386
3913 98
4009 445
2704 6
5560 408
4652 99
4911 202
261 161
2942 16
1760 247
5461 329
220 163
3480 315
643 407
5438 374
1534 262
4798 293
393 108
922 229
1532 200
1930 343
1785 399
2419 24
557 210
6068 364
1696 191
5324 174
4237 80
343 27
38 34
1607 37
5440 298
4502 51
5250 341
4726 290
3965 288
5020 31
5172 297
3018 257
5053 70
3256 319
3669 156
1290 472
5969 29
4711 71
5485 404
5559 98
3811 373
31 8
5595 436
1196 114
5947 470
5907 47
2010 244
2603 102
4355 380
6068 212
325 8
5789 329
5676 436
4623 263
207 48
174 161
4281 470
4991 142
985 161
541 31
5573 62
5609 84
1291 341
184 31
544 80
4317 84
4162 22
2383 406
3882 223
4102 24
381 57
236 100
3020 391
5271 456
4687 161
5560 400
3841 206
4805 118
442 360
1134 234
136 117
244 25
342 79
473 356
459 429
3981 346
3939 365
4309 302
4668 51
3410 483
3784 366
792 236
4474 482
5182 441
5040 432
1615 483
3320 167
2369 46
842 431
2440 465
2185 307
979 297
3579 20
5215 208
4609 311
6082 280
3229 226
3338 292
529 231
386 224
1617 298
2995 63
3010 98
4975 3
555 107
4931 402
3448 206
5635 105
1690 109
3560 117
3038 363
1811 53
2060 317
4662 422
1925 407
1321 267
679 357
3839 397
6081 4
423 164
202 36
1617 174
5014 447
3443 339
1535 97
3150 249
2788 298
2883 440
909 351
579 104
3945 121
4885 147
5683 366
3224 309
2455 401
3659 396
4477 431
3715 164
261 223
1461 386
4035 335
3340 8
6068 384
3233 54
2335 173
4370 252
232 192
5579 366
2495 104
4727 443
3971 415
5400 290
2043 396
446 38
2935 210
4025 102
3199 439
513 314
2403 389
5108 144
1305 476
5328 282
2923 103
5417 61
2025 421
4945 252
5799 86
4031 208
246 180
3311 285
1230 441
5316 330
1355 138
1372 111
589 492
5630 273
1506 236
3137 212
3932 147
382 374
420 412
357 356
2365 34
5544 122
5237 260
5403 329
477 339
3278 461
1133 468
2472 212
4339 384
4777 431
1015 346
207 101
4834 379
2295 144
5166 38
282 206
1829 394
5362 245
4344 413
1886 49
4642 96
2692 151
1074 485
3023 42
3760 82
952 473
422 305
5122 401
160 9
2478 223
5011 21
3000 99
420 353
958 385
350 282
1905 268
1752 211
5511 358
1751 431
5788 485
3147 212
5906 404
5131 258
526 255
5375 94
4965 409
1069 414
1369 311
5478 460
4771 370
386 269
5852 400
3072 163
277 8
2956 420
339 325
5410 28
444 147
5882 156
443 420
2152 407
5841 277
4052 439
392 155
2959 261
1140 470
1154 243
2020 183
255 242
1210 160
1995 320
1040 34
5879 206
3068 369
296 277
386 334
2713 411
317 11
356 316
5826 184
3204 346
1770 350
1297 476
6018 388
1445 131
4590 440
3554 439
3591 31
559 424
2102 82
1770 82
136 130
4656 372
5837 406
807 399
3483 231
1380 401
4145 112
5579 337
2835 220
3852 266
1158 410
1942 231
1862 317
1222 74
3652 437
76 13
386 58
275 161
424 46
4304 436
3889 456
4433 258
3765 318
5495 44
4288 139
4982 223
2092 322
1589 173
537 185
5210 78
2006 414
861 337
3505 317
431 343
5203 340
3528 307
3938 223
5084 21
1060 116
1678 400
1810 203
2233 447
1204 424
3554 177
3849 54
1403 340
182 173
2863 446
409 307
2260 335
434 121
4517 107
4715 208
1287 95
4768 467
2534 325
1059 107
5934 397
4870 339
5793 257
1844 462
5453 427
511 202
4661 492
3351 406
4402 236
2402 365
5872 195
1268 265
4381 206
3055 233
3340 269
5560 452
1462 92
1595 17
3953 120
3369 484
2332 156
2869 412
5626 153
5801 124
3642 359
3340 436
867 34
1786 84
3137 99
2250 441
2775 265
2166 79
5887 399
3835 371
677 488
1135 369
4577 400
5968 162
205 164
3726 186
84 11
4561 422
4873 5
5455 111
529 144
1364 257
1684 215
4027 80
4363 99
6076 52
4631 18
364 268
1986 477
2300 207
4148 44
5422 325
5770 144
1206 217
3691 454
2406 376
432 352
4028 307
4049 239
6016 341
4337 309
3492 487
5510 92
1385 395
3696 439
3874 485
5708 302
1567 470
4395 132
374 139
2375 95
3340 153
4343 298
1240 305
5945 215
5434 460
3683 297
5686 403
5868 280
132 30
5158 454
3976 73
4476 356
5671 408
2186 452
427 343
1848 126
5254 348
5861 74
1712 433
365 131
5584 116
2731 338
890 459
1480 6
424 386
460 255
431 420
4405 31
2859 488
2904 330
4470 407
2170 38
5100 386
3511 183
557 451
5909 200
5410 404
3340 325
460 199
4223 485
5264 443
5073 304
314 278
4388 70
4359 302
479 476
4555 20
3037 126
1950 393
3488 87
1963 307
3121 207
4459 346
94 43
938 482
3424 209
2051 406
2568 189
2022 186
2018 106
5371 61
1770 210
4001 206
5160 218
3127 176
2308 282
227 195
2413 87
2435 130
3125 46
2916 288
357 90
4999 51
460 46
461 328
348 29
3885 444
2511 341
4412 457
4290 282
3264 149
4086 147
766 448
3163 314
1154 100
4942 77
5049 3
2388 426
3075 270
4989 47
5206 76
5216 258
246 97
371 18
451 210
3236 387
1493 343
3457 244
4902 343
729 352
389 343
482 394
2608 82
3866 90
3095 282
3195 292
5130 28
4340 164
5111 255
457 103
354 317
5256 254
866 381
3785 306
826 386
3335 85
5019 91
155 126
413 106
3060 70
544 20
719 95
3982 392
1776 400
660 342
4009 287
2935 173
5110 29
2397 204
5452 115
1388 282
5117 251
2497 260
4694 232
394 80
1218 244
3039 218
3840 106
4794 440
4370 314
1184 298
4009 177
1198 290
3627 36
4905 29
5085 307
3712 348
5908 27
6001 10
5970 430
4473 390
269 258
5018 127
3064 152
2252 215
2533 210
2362 4
1356 447
2124 413
4188 160
3936 22
4594 263
3644 109
1166 284
4329 441
412 175
343 164
4082 394
5632 157
4467 208
4255 186
4670 69
5827 179
5053 191
1182 87
3243 281
1545 51
327 174
1470 115
2636 179
5086 341
4359 284
4938 270
257 156
1949 127
5993 467
4308 251
457 256
5737 244
672 318
3546 462
329 126
2992 454
989 97
3318 454
5437 108
3883 456
1843 287
2783 376
4802 38
1207 158
473 287
468 281
2780 316
479 455
2395 67
2960 118
4833 461
565 424
1872 82
5939 481
1512 290
3706 456
299 244
2198 121
6047 229
5425 236
5601 267
5432 340
3056 257
2717 335
2873 442
2845 443
364 337
1699 420
5547 98
5503 443
459 55
5118 164
3626 413
4935 78
3540 356
4476 457
370 244
852 236
2522 60
2114 107
3900 48
4822 440
3758 191
1821 483
3558 365
5239 371
5991 70
5431 346
1231 366
5466 287
5107 35
329 20
4850 208
4748 255
4625 132
1593 16
4382 380
3697 278
1054 283
156 99
5073 76
2079 370
2496 22
5877 422
5519 139
302 4
2352 113
5205 137
1104 258
1740 242
2242 164
1577 293
6008 124
452 408
2901 1
457 444
4490 485
3159 208
4233 448
6046 34
5994 197
1309 67
5422 155
4822 159
2337 236
5568 263
5236 105
2667 215
5378 398
5349 415
1844 188
4150 288
5399 473
5325 282
1529 338
3736 370
2484 231
5982 233
3058 64
4585 391
4431 167
422 369
5782 350
431 349
5521 340
3348 337
5039 432
3213 335
3059 472
5905 482
329 252
431 422
479 255
3831 414
420 299
2180 94
5490 244
4525 406
1981 111
431 374
3661 448
4172 21
2088 217
2651 188
3678 102
5294 86
473 454
1455 343
6085 86
4701 454
2786 406
490 420
206 170
6063 8
4873 234
3553 252
5241 122
3788 126
5350 229
510 464
2745 113
661 402
1680 384
5983 359
3474 168
2532 482
1895 91
5120 229
562 229
5100 71
3674 200
4556 13
3501 121
4467 182
3457 370
1811 176
5592 373
2253 226
2416 1
927 353
255 175
3728 208
330 141
460 327
881 209
994 307
5270 252
3960 407
5437 183
3710 359
4659 462
5464 94
2001 485
1715 348
2074 239
1123 50
1649 168
4494 473
3668 267
4134 229
4821 282
3861 196
4968 454
1392 340
4707 94
4761 160
2417 74
698 304
1034 360
2489 258
3214 207
298 156
851 155
5845 293
172 89
3245 286
1094 255
5789 341
5580 354
2062 360
576 307
4449 472
6055 77
4936 451
1242 293
2888 459
4250 447
2219 317
1619 124
5335 22
386 223
1445 127
1389 18
4753 473
364 346
5350 236
5971 280
2399 356
4384 142
1867 407
2123 22
3029 27
2965 281
3987 381
697 194
4803 451
3031 188
729 432
5221 77
3370 431
2091 391
4555 422
451 289
4686 371
6065 20
386 161
4957 91
176 53
3473 455
4976 78
3687 53
921 127
4697 341
5026 371
6004 338
6028 151
4257 102
4662 485
328 233
5484 64
4474 459
451 153
5957 407
5116 366
1327 283
5420 105
2055 224
4598 406
411 124
3746 124
4332 371
1445 168
4448 22
2838 473
6041 476
1122 406
3852 284
3097 254
2385 274
5606 109
5228 385
585 264
1066 222
5832 87
5687 363
1138 204
4626 307
1118 285
1844 96
4590 144
1772 129
392 6
3244 407
3255 381
1519 406
4204 491
4520 98
3201 365
5875 99
350 174
1770 485
276 4
1183 400
246 215
2904 91
4542 163
3919 463
607 8
1405 316
2722 448
6089 381
1001 140
1478 376
5670 461
2682 46
1174 393
4695 485
5803 341
4550 44
6068 314
4380 231
2760 485
5263 293
5882 384
5321 400
5922 360
438 51
5383 402
4310 161
5821 280
4486 182
4208 346
177 142
5009 44
1500 152
3517 298
4799 244
329 203
4465 353
3152 149
4213 443
4339 4
5362 78
324 73
6052 237
1436 297
5787 207
396 23
3490 11
5381 164
4750 312
3328 260
369 105
3868 334
2326 26
2280 211
506 60
121 82
3225 369
1336 332
2062 485
1665 161
1214 341
2914 260
1604 432
5331 44
4950 69
3719 208
1667 87
3016 87
3870 164
549 94
5433 479
5303 21
3839 99
4471 109
4487 182
826 71
5712 476
3429 343
266 124
3572 384
5175 404
863 373
78 54
4425 312
252 174
2488 440
3813 452
4862 351
3185 461
660 42
3652 142
420 386
385 173
309 1
647 433
5649 441
5607 407
324 205
1809 461
3846 229
819 11
3848 255
4316 219
1080 400
4325 48
1962 451
4811 427
2324 160
1506 176
5503 364
3776 446
5198 462
2842 188
831 482
5815 51
856 275
4503 358
5232 409
4253 346
4996 380
5117 177
853 485
3833 397
6098 446
4844 96
2478 267
2326 6
874 254
4853 205
2503 357
4105 337
3756 489
5146 379
2458 252
2791 317
1856 243
577 245
2789 81
3326 80
3724 397
364 54
5476 455
4319 250
5128 205
1591 437
1661 267
987 297
4604 208
1154 236
3569 51
5461 464
5986 459
616 203
5686 407
1694 97
2975 317
1332 445
1592 20
4718 78
2431 432
4551 292
4812 327
882 144
1316 215
5878 462
2132 7
5374 62
2333 442
4239 223
4818 443
5776 297
1542 341
5584 473
1313 343
224 174
1156 194
2424 288
5962 476
3218 267
5676 155
2793 52
1422 450
397 264
3443 155
4949 175
1005 470
5454 11
946 307
2746 282
5228 142
460 177
3311 173
696 151
4421 91
5618 413
3391 476
351 177
5312 330
5682 477
2721 234
1913 244
2239 295
5987 183
4138 356
479 223
166 90
2021 426
5997 74
3318 299
10 6
2302 390
2679 390
364 174
3376 302
197 80
5177 210
2362 456
1217 287
1642 445
3279 399
447 374
5386 86
4282 24
4640 103
394 8
137 58
1825 173
3047 194
2825 180
4284 245
5683 117
2760 298
3383 79
485 348
5635 282
3910 309
174 126
3098 98
5900 258
5227 271
1127 456
1779 485
5083 60
1193 489
4411 332
4345 17
4907 283
4848 390
365 96
4976 280
341 15
1202 106
6063 275
414 212
307 254
1009 267
3274 206
1340 97
2913 151
1272 42
2056 85
3594 202
5382 62
1186 363
2600 20
1031 461
1345 88
3505 309
2892 469
1488 65
4933 379
5683 348
6088 69
3227 109
16 15
3858 35
5688 191
1229 366
5315 213
2700 454
3946 359
2320 171
351 149
1600 104
3363 42
4921 90
3345 385
489 174
2275 474
5748 428
2858 462
97 70
5066 200
1884 406
394 289
424 355
3623 239
5783 341
4170 461
4497 28
584 348
893 340
2075 406
422 58
349 27
343 63
5882 451
5562 28
4652 156
5255 77
1811 427
3405 243
3580 258
1125 113
1804 113
5076 461
501 51
3754 223
1329 339
298 126
4766 467
4524 451
962 377
269 262
3977 292
1298 476
3125 483
3984 455
3580 269
5299 330
2924 299
382 292
2355 451
386 327
5052 317
3704 243
5234 421
1388 331
5122 341
3966 22
404 373
3549 51
3716 231
540 365
5668 114
5644 414
1536 318
1045 470
5259 103
5745 28
279 242
4343 202
291 28
3631 451
1689 242
1143 176
3270 204
4866 29
4970 220
5021 117
456 422
1689 47
2897 229
5821 6
1638 202
4418 311
180 155
3498 38
408 176
5635 364
4858 44
6016 460
460 36
3925 168
383 252
2261 322
1322 482
1582 441
393 386
5821 21
2029 53
382 120
424 126
4702 439
4543 18
193 155
4284 78
721 84
4875 223
3192 307
3967 325
2724 414
1976 348
170 161
473 179
5269 356
1257 437
5734 21
181 167
1477 444
1741 144
4297 443
4566 16
1282 297
4909 439
4601 21
3527 454
2078 244
451 80
3206 29
298 210
483 113
4944 365
2405 402
351 237
3086 156
5709 60
3972 6
5354 160
939 285
2217 368
801 481
4685 414
5323 445
451 394
2339 483
3117 22
5186 149
5615 314
460 126
2143 317
369 206
2472 456
4711 485
370 126
1325 406
400 164
5088 121
2018 20
3458 485
4572 279
815 40
4554 366
5894 149
1591 299
1571 330
2630 298
4031 375
1655 82
280 58
1845 118
4976 307
5841 74
5058 73
1699 179
4478 44
443 75
934 209
5300 426
282 175
1812 209
5727 367
3213 207
887 87
64 45
452 381
364 249
4458 314
4991 314
4447 353
3210 171
4179 402
2449 13
818 327
5728 372
5364 276
5775 340
1612 3
553 61
2709 360
4178 87
4735 281
1968 174
369 305
5360 422
5622 2
2773 313
519 343
4100 13
994 258
652 351
2111 179
3941 26
3982 443
4013 408
3665 411
404 47
1795 107
132 32
5120 213
382 343
313 75
1740 124
610 295
4969 211
314 58
3452 109
1594 74
5198 188
4716 2
4255 267
4706 404
404 149
1477 343
1666 366
460 153
3942 269
837 381
5899 126
4312 132
1358 74
5821 379
1127 481
1422 483
527 307
329 255
2704 382
3349 250
6020 98
3628 431
325 262
1310 239
4772 26
2454 454
5503 21
3037 161
5782 10
3304 96
5542 171
5470 218
1005 235
324 298
4121 220
1328 373
557 198
5296 236
252 6
3758 223
2255 414
3737 417
5409 268
6067 310
2077 489
408 312
364 350
468 27
5640 279
3098 144
6051 79
289 8
2979 450
2396 243
1590 164
5372 406
438 319
4828 390
1140 338
285 250
2029 176
5179 340
882 84
2704 252
5360 280
2294 317
376 105
563 164
5683 310
4869 194
466 369
4073 318
1456 470
4524 74
1830 257
2324 138
4775 280
4596 188
5905 62
3830 160
1395 443
394 261
6071 476
6031 406
2564 17
1068 155
4920 9
2331 231
1826 407
4334 372
802 447
5130 404
2355 414
2991 223
1122 396
1921 48
1230 485
616 160
3161 476
2469 179
4064 411
4982 269
1683 290
1010 124
342 129
5360 455
2934 201
1428 200
2901 155
4174 103
334 126
6016 167
2603 90
759 345
1736 397
1709 181
4370 21
5332 17
456 242
3172 475
894 215
2475 73
1181 129
551 253
1193 144
4053 390
2446 311
4596 406
1043 224
296 121
5698 476
5081 42
456 174
483 456
5306 229
2270 257
4448 353
5762 33
3797 461
5905 255
420 356
4909 441
1720 58
3040 218
579 449
4777 160
735 28
884 139
4829 465
4370 177
2107 443
3350 341
5820 44
992 42
5558 280
3059 384
1177 126
6070 242
4915 44
2633 448
447 297
5090 306
3983 44
456 255
2864 483
5525 462
4165 124
1099 4
3431 126
394 72
1475 87
4962 233
2565 251
473 444
382 176
4231 304
4935 358
2964 335
5189 490
1658 266
718 317
4841 77
5562 429
3431 386
2820 443
5780 406
831 339
3327 204
2301 224
3208 87
849 26
1338 358
4907 116
1928 207
4290 485
435 142
485 360
3193 85
5537 314
1127 51
2129 74
317 248
2710 82
2358 356
5560 463
936 174
2924 422
5593 445
2909 390
885 342
1628 122
5021 136
3148 232
3590 153
2720 238
414 36
384 302
5962 479
3940 85
4310 370
2272 198
2680 462
1497 263
5261 439
1465 454
413 353
1273 267
983 399
2521 51
1724 464
5675 456
3145 53
4506 435
4897 124
5270 443
262 161
3431 485
5778 62
6066 337
5520 11
5001 311
4120 483
394 325
3277 109
3720 371
2076 174
364 314
3491 308
3757 456
5545 262
2611 160
2597 27
210 156
4010 412
2180 96
5853 198
3845 462
4757 297
5948 86
1661 481
4341 157
2941 186
5140 96
4588 431
5907 384
4826 380
1145 318
5635 314
485 82
3857 311
4874 20
3254 453
3144 284
2932 483
4603 373
1249 293
2517 394
343 104
4660 485
6036 184
2478 191
2567 316
5867 422
1320 484
4304 451
2594 46
1403 45
5731 137
258 153
4422 102
2487 116
5496 475
4373 194
1973 307
5398 106
1770 198
4066 69
1124 18
3751 23
3135 60
5047 414
298 234
910 373
5701 82
990 42
4103 481
5062 240
5621 207
1071 343
816 11
3529 258
5772 180
3995 330
5794 257
4731 96
5356 380
504 47
2710 436
3789 82
4854 5
434 82
5091 87
484 465
5099 31
4746 4
1811 408
2766 257
5474 193
4995 16
3182 422
845 422
4195 406
6099 231
1027 188
1201 202
5375 407
5589 44
41 8
391 139
5973 136
5142 479
1689 223
420 382
5194 391
2748 370
4843 440
3649 270
397 173
1110 452
4176 422
5673 440
6088 8
80 20
406 402
3934 252
2601 437
3477 168
763 121
2614 467
1721 115
5433 358
5233 132
5117 404
5977 337
2307 168
1127 273
5121 475
3996 328
5992 400
2263 476
3915 346
145 126
3051 421
2098 456
5073 68
787 409
2141 295
2461 484
339 155
5293 441
1711 368
4950 41
4349 486
460 223
3378 29
4068 314
388 188
5043 2
2517 482
62 61
1466 6
2774 198
5581 79
5247 463
1773 394
1525 396
1848 335
762 37
5499 343
959 488
2003 362
2841 443
2182 362
1216 42
432 185
3208 400
831 155
3917 341
909 96
5636 460
4443 253
3392 370
2831 462
422 385
4896 96
4670 223
5994 161
1990 303
384 173
1552 204
1807 483
2332 220
76 27
5471 407
5198 231
1797 407
422 412
1936 106
497 297
1499 436
5147 67
4694 2
5503 252
3937 472
1468 358
6063 31
291 150
5116 451
4505 409
352 22
4742 234
5053 199
386 71
3730 368
4936 126
5366 121
3527 407
5579 310
1413 480
479 71
325 269
80 46
5526 437
453 57
2171 472
4984 413
3431 161
4976 456
524 17
136 48
4258 346
3683 102
351 304
5744 384
231 93
5789 17
1030 381
3648 4
2318 473
4732 224
3740 481
5306 251
2503 444
4365 174
1235 468
6022 162
374 24
2951 484
4830 280
4581 245
80 70
4021 273
386 355
211 35
527 17
5579 106
144 11
5821 443
3036 267
1218 209
3035 157
1531 436
704 102
3967 262
4337 299
4556 402
2665 352
2991 386
584 334
1959 292
2503 127
3767 37
2846 384
5700 384
5134 318
2772 60
2444 158
3157 275
2460 381
4247 176
3163 61
5546 431
4919 173
1546 337
2490 231
991 42
6002 364
5102 20
1867 440
5403 268
3745 123
3302 29
384 177
3518 27
1681 139
3151 175
4311 278
5733 482
4352 150
4678 84
1496 343
2887 282
3358 401
5628 171
481 135
2287 9
2303 260
3409 93
5819 484
3965 168
457 356
5448 52
3041 279
2598 357
435 177
4316 440
422 157
1891 52
343 264
2875 275
3815 220
333 176
943 293
1191 407
4027 20
4016 381
5191 257
1120 209
4304 46
2673 106
485 441
3876 243
3072 431
714 475
1988 85
1735 457
225 18
5888 162
5821 245
623 381
3762 426
4561 132
3140 391
1367 386
1654 406
4325 371
984 239
2162 462
449 286
3690 319
4224 242
5395 60
2814 183
4078 334
5201 27
5426 460
5138 489
452 374
449 343
1275 257
3803 449
1689 282
1863 368
4704 173
2742 236
2681 411
4879 467
2514 294
4027 6
3148 38
1653 222
757 269
1866 440
3993 171
5818 184
5038 432
4326 58
1232 109
5978 310
4068 156
5647 473
4178 486
1654 402
4900 18
3657 451
947 95
3295 338
1699 449
2553 421
5756 158
1662 293
2162 125
3441 381
3772 452
305 52
4691 194
5639 352
972 48
2259 288
164 61
1457 65
757 341
3952 215
1554 161
69 41
86 81
3364 139
683 171
2693 229
2736 67
5963 329
3552 257
2032 483
3732 34
5915 462
621 42
4764 431
424 71
6059 257
2284 74
1063 139
457 178
4512 288
1584 488
2380 52
5429 371
777 109
1894 320
2220 159
343 243
1414 432
4944 168
1016 106
5683 111
2285 179
4556 208
485 99
844 340
1121 27
1884 402
2288 106
5643 194
723 206
1165 334
965 131
4597 410
904 73
259 211
3795 422
1068 126
5984 340
2959 223
935 175
2668 461
2508 103
6093 392
4666 34
342 231
3067 191
5473 153
2326 284
3628 490
1110 134
1280 149
5850 127
437 260
3619 290
3881 445
634 202
5651 121
412 382
5370 208
4662 331
2494 28
69 31
4786 483
4702 280
3371 151
236 147
4378 60
1985 199
5489 62
4914 400
2417 267
5053 82
4908 120
4692 298
1724 486
3330 343
1832 476
5800 369
3209 356
5477 448
2649 409
4372 280
6100 314
2376 27
5994 350
4438 83
1622 454
5664 451
1461 269
4813 87
1725 201
1903 307
1934 109
5229 455
3249 200
1696 199
1581 258
4292 142
4745 413
1254 448
4961 26
4560 20
5346 292
5373 448
2535 11
5003 52
4609 407
1894 152
2742 218
4321 317
5148 352
296 155
371 84
5718 298
2357 82
3947 245
1026 314
436 394
2582 125
4342 254
6074 338
496 482
2552 314
3418 257
1386 400
6085 381
1400 340
431 27
3214 335
2288 20
4737 483
4279 463
3757 266
460 269
1816 365
6053 4
1258 244
4644 84
269 126
340 64
6086 189
3522 434
5673 76
4187 443
2274 99
2795 296
4408 298
1017 414
5295 479
4361 5
474 444
404 284
1610 263
2296 334
3616 158
364 251
825 306
3146 336
5729 415
196 95
2562 419
3497 202
4377 297
5219 255
6088 275
887 173
1990 35
4096 74
1312 322
5858 200
625 60
4372 208
3168 38
5905 44
1933 345
1853 406
5100 370
3886 320
5707 77
2921 490
3264 28
2304 106
4472 443
338 11
5419 97
3070 15
5492 208
4310 430
5289 21
984 447
5369 307
993 414
5974 281
5069 160
5857 283
3767 268
3973 353
1331 161
3891 478
3045 87
1517 147
1556 94
4586 372
5796 385
2877 252
4334 447
371 144
2233 343
1848 258
4293 396
4985 106
1814 487
2966 413
2001 433
2945 122
875 351
432 244
6068 255
3481 29
1892 61
2064 461
2259 177
1798 431
2808 243
5477 96
5806 309
5104 200
2492 441
4352 356
4412 42
5924 357
4412 159
5574 69
5864 389
1589 360
4925 406
139 104
1168 467
4324 261
3316 34
5460 430
5030 15
443 382
4370 330
568 407
5235 381
4481 164
742 365
2313 20
3791 100
280 80
5225 108
2768 291
264 173
1859 488
1191 317
5258 413
1309 332
1091 442
4937 179
460 174
5071 431
4967 292
2233 422
4695 69
1403 64
2224 159
1278 97
399 177
5441 121
1669 381
302 177
4290 422
412 46
3006 38
4223 441
2515 149
3750 445
3107 345
4259 209
1677 236
4861 394
5590 290
5884 249
2799 365
2215 467
1179 391
3387 257
831 198
4071 39
6067 86
2928 445
6079 94
1505 24
280 91
5307 287
4067 69
5802 69
2836 223
5204 404
5978 86
1553 180
4325 406
3005 330
5056 132
2325 366
441 306
4657 47
2438 182
1627 236
4765 460
1219 51
6029 244
5911 468
4242 233
601 41
1152 54
4779 440
3974 17
5381 104
4383 456
725 481
729 311
2281 366
2425 97
3264 266
246 130
